0.32939557720628526
0.3851688356178309
0.4307931339870685
0.47811555328353067
0.48713040206313557
0.4991521734748298
0.4977365610456054
0.4542841380244027
0.4831888839215771
0.49994116754554807
0.46660287492285335
0.4829206592382921
0.5055164543724567
0.49701055151262125
0.48665623608716624
0.5176553901795157
0.5039731435685483
0.5231953876650571
0.48291150700630575
0.5084028880930146
0.5021161227725449
0.5046694838435164
0.4934362228605354
0.479784589230732
0.5208931354792791
0.5040140871303115
0.5085145023315573
0.4860059488878292
0.4942950393208039
0.5098814733572078
