0.30986081741426263
0.3698006904145334
0.4129360799000845
0.44527228634884336
0.44179208285798804
0.45033510264381665
0.4543891173309433
0.47949085267634634
0.4790767491309979
0.49714102417050754
0.5326128240852966
0.48832894369337093
0.49883672537647145
0.47485509075997856
0.4848890641352036
0.4862329094178469
0.5086700314168476
0.5120308607231959
0.48802085354419766
0.5102576040072575
0.5106458608823664
0.49128456078362653
0.5074665050625942
0.5148668491819784
0.531633151783264
0.490062466686488
0.48396571764329
0.5192504328130871
0.5317607313507735
0.5260759509038007
