0.007852739827691607
0.06487583212246469
0.15452516041392714
0.1914393009618257
0.21922982675382469
0.23067486875425414
0.23572981566702225
0.27639390850541895
0.26521333340961417
0.2868185832819898
0.29380602401984596
0.2538822001407297
0.25222308079976424
0.3313064820080846
0.3290187539284722
0.3258307857243402
0.2878078031017858
0.32825234714728585
0.3395409589290497
0.30650260513144273
0.35282395862945637
0.35269976524270324
0.3305080550914954
0.341587321591947
0.3548649994940756
0.33161638076823746
0.32601402770642657
0.372255020537821
0.37331273482839356
0.37443268998850543
