0.011247364394248019
0.053463042780113094
0.15247586638167457
0.17176924562982507
0.20492465212120134
0.20378401026997298
0.22682485716315576
0.2541948983314877
0.24089645357007838
0.2391360373396012
0.26109767472874207
0.27830100976988814
0.2764737626513893
0.2876820102309108
0.31677927891937263
0.31477206137513053
0.3167594451237758
0.31129013661699007
0.3035911418842977
0.32528480049426245
0.31510493834437997
0.331246574691342
0.3329135844626075
0.33066258359020245
0.33512059360502466
0.32588674251573385
0.27210648584569797
0.32570510007049647
0.320675103957155
0.34972405494199815
