0.0
0.0
0.0
0.0
0.0
0.0001465836898842134
0.021409636445962932
0.05035958562877488
0.14774563372845603
0.16300858849882563
0.18023783923553097
0.2074864017770636
0.2550599390944349
0.2825450700873207
0.3069869838384051
0.29819254485614755
0.3201224531484158
0.3059153712765603
0.3274736782498003
0.3606795031698952
0.37862778950702014
0.35723256748514953
0.3597678959873597
0.31635628479355743
0.39737312220166426
0.3696709534989899
0.41844602420263016
0.35389688685815973
0.39624225134411595
0.43106031429082736
