0.0
0.0
0.0
0.0
0.0
0.0005690049680335307
0.06900708778765043
0.14507305923477962
0.29300047327386547
0.31097458150743024
0.31156127962385843
0.3501050461414226
0.44898950516280217
0.5231831476612162
0.542177567682952
0.5579527394211471
0.5498384067302313
0.5289761638854985
0.5791783091939315
0.5866372605379623
0.617354783519353
0.5867291501690804
0.6161411338925457
0.5845222030868414
0.6437959603557092
0.6062715261879672
0.6701620665001791
0.5939727908310354
0.6560581862421248
0.7378885445618519
