0.6025786594864714
0.661919269507991
0.7408768949615402
0.7781257702925908
0.8207877653572095
0.8104421051334421
0.8251268377091171
0.8043623639491807
0.8078077667681556
0.822583130735739
0.8077465564772256
0.7856763400277619
0.8118846330732524
0.8040181405300664
0.8183198281674121
0.8309096002974565
0.8003521838994804
0.8248995504996554
0.768930358504746
0.8292741540663668
0.8038410661141484
0.7981258400995979
0.7878092373987469
0.7733270340810493
0.8277418301499169
0.7892638490567236
0.8268287249731342
0.7800307579809895
0.8122813813147821
0.7996885061641222
