0.59659196855137
0.6526124092043241
0.7098572804069243
0.7421067018917802
0.733637105665758
0.7078213882112113
0.7660281950754085
0.7794290532049056
0.7702843805569566
0.7940180664000243
0.8465096274177576
0.8291428111629331
0.7958058416015692
0.7959766838215778
0.802449001657283
0.8084203152135161
0.816911805239666
0.8193327988958709
0.7961340021765552
0.8040628349353671
0.8156390533444617
0.7947493891053918
0.7887844151444741
0.821361012290709
0.8367148168274305
0.8149283342140127
0.7712994856521175
0.8297041870106816
0.8195505356610621
0.8224190989884924
