0.02938562917347024
0.19185093141147574
0.32479748309332823
0.3948739868492314
0.4733310111759697
0.4666889765097335
0.4929740390740658
0.5260648106370115
0.5730307341911451
0.5396705794406864
0.5941675763486547
0.5191409178038513
0.5009122397925981
0.6227151797795913
0.662986210909935
0.6454150614052612
0.5774812451632195
0.659969621915904
0.6708026257532395
0.6062475681166055
0.647396805365462
0.6604323898087429
0.6428789975119942
0.6820398421345192
0.6769402010565231
0.6664480275325445
0.6543124720052265
0.6805000554938267
0.7183500015276217
0.7008412653297196
