0.03562622278906904
0.1472641927953626
0.3183213359698466
0.34430549302905084
0.400121538407436
0.41127231459892327
0.43455466039520213
0.4783807953450401
0.45759262543889895
0.489337462014216
0.5193024720919587
0.5464521018467793
0.5361349540127308
0.5411646947535587
0.6031980626403175
0.5744167436771982
0.5788432770414512
0.5843982120120195
0.5627996820507987
0.5835249032470156
0.5713208796076396
0.6377130039747462
0.6123183269725473
0.6101205454718356
0.6130258953035526
0.6005952491623321
0.5097790719020268
0.6121815813005111
0.5837596925475214
0.632961201119894
